0 1.4851485 0 0.0014924015 0.012799239
-0.110000014 1.9378344 0 23.381594 353.71857
0 -1.6881626 0.12391574 -8.883085 -130.23135
-0.109999895 2.7372293 -0.12391574 1.9179096 121.27612
0 -0.74070644 0 -6.9651737 -40.298523
0 0.38176727 0 20.895523 69.154236
-0.09000003 1.8147244 0 -22.885572 64.676636
0 -0.45709705 0 13.537313 -74.80847
-0.00999999 -3.9283214 0 7.3582096 -54.54477
0 14.090338 0.24813896 -3.9801006 305.97012
0 -12.981239 -0.24813896 11.442787 -287.06467
-0.09000003 8.125427 0.25062656 -17.412935 188.05972
0 4.6472225 0.006442845 480.09204 88.57959
0 -9.666968 0.24355638 -459.19653 -128.38058
0 -4.1281238 -0.5006258 0.49751282 -241.29355
0 -0.25578928 0.12484395 -10.945272 -21.393036
-0.07999998 -0.3720318 0.0003124997 -18.905474 -18.407959
0 0.6237484 -0.12515645 14.049751 75.97513
-0.07999998 -0.628736 0 -8.577114 -70.50249
0 0.25373602 0 59.70149 42.28856
0 -0.24623585 0.5018821 8.955231 7.96019
-0.060000002 0.49811316 -0.3767256 -64.079605 -10.746262
0 -0.114739895 -0.12515645 13.333332 -37.512436
-0.06999999 -0.6343143 0.12547052 -2.833332 -27.987564
0 0.625623 0.12515604 -2.1417904 33.957718
0 -0.24921143 -0.25062656 9.950247 -32.83583
-0.060000002 -0.13048309 0.12484395 -20.895521 18.905472
0 1.2568874 0.12578261 118.90547 92.03981
-0.050000012 -1.5037594 -0.25062656 -118.818405 -100.06717
0 0.6265664 0 2.8980103 20.46518
0 -0.2534461 0.25 26.865673 -2.487564
-0.050000012 -0.11997485 -0.25 -32.763683 -21.477615
0 0.7559811 0 5.8980103 24.960205
0.19999999 0.113993764 0.375 -3.4825878 25.373123
0 6.095112 -0.375 -4.4776115 325.37317
0 -2.2882938 0 8.955225 -77.61197
-0.060000002 -2.2919874 0 -15.893036 -71.09451
0 -1.6904842 0 15.893034 -114.97513
-0.060000002 0.77139485 0.130039 -7.893034 64.97513
0 4.161912 -0.130039 10.380596 104.676605
0 0.47394562 0.12690355 2.487564 -3.9801025
0.110000014 -0.7774849 -0.12690355 -4.4776134 37.810974
0 0.537303 0.12484395 19.109453 -47.507477
-0.060000002 -0.022310257 -0.12484395 -22.094526 50.99005
0 -3.9531736 0 -1.9073486e-06 -124.87561
0 -1.944987 0.13513513 6.9651756 -30.845795
-0.060000002 1.8530362 -0.13513513 -12.437812 -36.31839
0 0.5864346 0 6.5671644 136.54974
-0.050000012 0.9950588 0.12515645 -2.089552 -39.53482
0 6.067286 -0.0007783398 16.41791 176.61691
0 -6.8136764 -0.12437811 -8.955223 -205.97015
-0.03999996 -2.625258 0.1261034 -20.895523 -149.25372
0 1.4880517 -0.1261034 5.522388 85.641785
-0.050000012 -1.2421737 0.12547052 8.407961 -26.935333
0 6.9013233 -0.12547052 6.9651737 290.04977
0 -1.5221219 0.12285012 28.85572 -31.84082
0.19999999 8.843723 1.2072587 2670.8943 102.01703
0 -0.78627205 0.15137255 -1596.2673 30.32129
0.19 -1.9036341 -1.0978497 -333.3333 13.930359
0 0.47126007 -0.011884481 13.930359 -3.482605
0 3.0439682 -0.24337752 1431.8407 -14.925354
0.00999999 -6.5618916 0.241544 -1744.776 -4.9751587
0 -0.3393507 -0.003613323 -180.09952 -12.437805
0.33000004 5.49728 -0.24003775 889.0821 21.778625
0 -2.2886496 0.12594418 -1170.1766 -14.813416
0 -1.1599588 -0.124980345 39.303486 19.402954
-0.01999998 3.2296686 -0.0017559379 1702.4877 -6.965149
0 -4.4008617 0.12833658 -1659.7015 6.965149
0.14999998 -1.5228434 -0.2538071 -87.91293 -27.589539
0 2.2130432 0.12755102 84.927864 2.7139282
0 1.6409521 -0.12755102 1508.9553 41.791077
-0.029999971 1.9920063 0 -1606.4678 -4.9751587
0 -4.487109 0.12804097 0.99502563 -16.417908
0.28999996 -1.0243282 -0.12804097 6.589552 -6.6119385
0 0.58245754 0.12562814 145.15175 -13.288574
0 -0.060382843 -0.00078419596 -143.28358 37.810974
-0.13 -1.1971416 -0.12484395 -11.9403 -27.860718
0 2.0972996 0 1099.5026 18.905457
-0.120000005 0.55556107 0.12722646 -1093.9304 -13.067139
0 -1.7865248 -0.12722646 265.07462 9.584595
0 0.23558903 0 -258.20895 -3.482605
-0.029999971 0.4697485 0.12484395 -11.442785 -23.383057
0 -1.2702055 -0.00031094998 -2.4875622 9.452698
0.29999995 1.6706753 0.0006234497 20.895521 14.427856
0 -0.4377365 -0.12515645 857.2139 -19.900513
0 0.08836174 0 -859.0448 5.8010254
-0.049999952 0.4681883 0 236.65671 28.029846
0 -0.17934322 0 -151.24377 -10.447754
-0.05000007 0.533968 0.12484395 -80.597015 -7.960205
0 -2.2039576 -0.12484395 -24.875624 -2.9850464
0 1.5415392 0.24875621 29.850748 7.4626465
0.27999997 1.2437811 -0.24875621 972.209 10.400513
0 -2.06007 0 -1001.0647 -26.320923
0.26 0.29470348 0.12406948 5.472637 -3.9801025
0 -1.2197084 -0.12406948 0.9950237 26.865723
0 1.5422888 0 4.4776134 -13.930359
0.07000017 -0.93198967 0 -16.915424 12.935303
0 0.124536514 0 16.915422 -0.49749756
-0.00999999 0.59679604 0.12391574 3.4825878 -1.4925537
0 -1.2813282 -0.0006111786 -5.472637 -8.457703
0 0.5714302 -0.12330456 15.422888 -3.482605
-0.09000015 -0.055958748 0.123609394 -23.313435 33.360718
0 -0.057109833 -0.123609394 1.9203978 -11.470154
-0.089999914 2.3802567 0 11.940299 -21.393005
0 -1.5547113 0 -19.402985 8.457703
0 1.5520983 0 27.363186 20.895508
0.16999984 -1.2205629 0 -22.388062 -15.422913
0 -0.7523098 0.12330456 4.0671644 5.4328613
-0.089999914 0.72737503 -0.12330456 0.8168335 -7.841614
0 -1.0414505 0 -7.37156 -3.0638428
0 1.0050402 0.124223605 14.427861 4.9750977
-0.07999992 -0.40864658 -0.124223605 -20.39801 1.4925537
0 -0.5289278 0 8.524876 0.9378052
0 1.2586517 0 1174.5597 -2.9278564
0 -0.025606155 0 -1162.6865 -30.845764
0 0.36120605 0.1261034 8.955223 18.407959
0.25 -0.8437891 -0.1261034 -24.378109 23.383057
0 0.43946552 0 137.54974 -21.017395
0.70000005 2.7290125 0.12787724 2169.913 -17.788574
0 4.188898 -0.12787724 1726.8655 30.348267
0 -7.607376 0 -3999.9436 -16.631104
0.089999914 1.071517 0.12437811 243.72472 16.631104
0 -2.5204163 -0.12437811 -276.5597 -17.059692
-0.24000001 0.3558941 0 198.45026 -0.35321045
0 1.9271889 0.25510204 453.23383 -32.338318
0 -1.6096258 -0.25510204 -623.38306 40.79602
-0.059999943 0.25284386 0 -27.860697 4.9750977
0 -1.6623011 0 3.059702 -20.57959
0.3399999 2.5472574 0.12642226 818.3333 24.559692
0 -0.29791737 -0.12642226 -825.3731 -20.895508
0 -0.9612608 0.12468828 20.39801 8.9552
0.16000009 0.54755116 -0.12468828 -13.432837 -13.930359
0 -0.3784876 0 0.49751282 0.99505615
-0.17000008 -0.35132504 0 -0.49751282 6.4676514
0 0.8408146 0 363.57462 1.8482666
0 1.1722727 0 352.84326 13.574646
-0.25 -0.37495708 0.12269939 -716.9154 -5.970154
0 -1.5206823 -0.12269939 -5.97015 -3.482605
0.01999998 0.08663368 0 9.95025 8.457703
0 0.22755623 0 -8.457712 -17.412903
0.18000007 -0.31513596 0 27.049751 6.833313
0 2.024603 0 980.4129 -17.281067
0 -2.4575968 0.12468828 -998.0099 35.323364
-0.24000001 0.11444187 -0.12468828 -2.985075 -13.930359
0 1.7546539 0 -3.9800987 -28.855713
0.01999998 -1.5234909 0 25.373133 21.393005
0 1.6621723 0 -27.810944 -0.64923096
0 -2.505898 0 132.78607 -3.3308716
-0.059999943 1.1659379 0 -126.368164 3.9801025
0 3.7609844 0.12658228 1317.413 -4.4776
-0.049999952 -4.80018 0.0001604259 -1292.0399 5.970154
0 1.707169 -0.1267427 -31.791046 0.85821533
0 -1.1586924 0 -0.54726315 -6.828369
0.029999971 -0.11506748 0 14.925372 7.4627075
0 0.46488762 0 -6.467661 -0.99505615
-0.1400001 -0.28605366 0 13.432835 -0.49749756
0 0.24182987 0 -22.88557 -4.4776
0 -0.5539007 0 2.5422888 4.8358154
-0.119999886 0.31002426 0 4.9203978 -3.8408203
0 0.7257099 0 -0.9950247 -7.4626465
-0.19000006 -0.69141674 0.12690355 19.402985 0
0 1.0332212 -0.12690355 -9.205206 0.8798218
0 -1.2555046 0 -1.7400665 19.02063
-0.18000007 -0.627193 0 -9.95025 -11.442749
0 0.28547907 0.12804097 8.955224 -7.4627075
-0.089999914 -0.070519924 -0.12804097 7.1119404 12.308472
0 1.1999898 0 -20.544777 -19.27362
0 -1.269268 0.12578617 -2.4875627 -0.99505615
0.089999914 1.0022783 -0.12578617 6.965174 19.403015
0 -0.22227573 0 1.9900503 -10.9453125
-0.15999997 0.45433426 0 13.432835 -6.965149
0 -0.30994415 0 -23.383083 12.935303
0 -1.001616 0.12658228 11.442785 26.368164
0.25000012 0.92509794 -0.12658228 1.9900494 -14.925354
0 -0.8183341 0 -4.405472 -32.60199
-0.17000008 0.76843023 0 11.370647 9.716431
0 0.34326172 0 -11.442786 15.92041
0 -0.15016556 0 114.427864 12.935303
-0.16000009 -0.80011845 0.12886597 -116.417915 -22.88556
0 -0.16917801 -0.12886597 0.5621891 6.8134155
0.00999999 1.8119335 0 44.213932 -17.26117
0 2.4849005 0 -3.4825897 32.835815
0 1.2242994 0.37406483 376.1194 -30.845764
-0.13999999 -5.697536 -0.37406483 -400.99503 -45.27368
0 7.1945996 0.2580645 807.6443 45.5448
-0.049999952 -0.6079407 -0.12985937 -755.90295 -32.609436
0 2.2876558 -0.12820514 497.51242 34.32837
0 -2.765212 0.3856041 -357.21393 -34.32837
0.18999994 -3.3603106 -0.3856041 -208.95523 39.800964
0 -2.0595694 0 9.536743e-07 14.427856
0.17000008 0.561203 0 19.402985 -27.36316
0 0 0 -9.950247 10.447754
0 -0.014226913 0.12870012 5.970148 14.427856
-0.08000004 -0.022799492 -0.00033041835 -12.935324 -5.4726562
0 -0.48187542 -0.1283697 0.99502563 12.935364
0.40999997 2.0969076 0.12771392 15.077114 -18.594543
0 -1.1494255 0 -18.06219 10.136841
0 -1.4724083 -0.12771392 5.472637 -2.4876099
0.059999943 0.13898277 0 -6.9651747 3.482605
0 -1.003921 0 10.4477625 -11.940308
-0.18999982 0.4884572 0.5154639 0.9950237 -20.895508
0 -0.1193881 1.6780846 -0.38805962 13.2039795
0 0.7980275 -2.06616 -4.5870647 2.7164307
-0.10000014 1.0308075 -0.12738854 -4.4776115 -0.49749756
0 1.1783733 0.12484395 1081.0946 50.746216
0 -1.8487053 -0.12484395 -1070.0299 -56.46515
0 0.7769804 0.12903225 102.86567 2.2363281
0 -0.37813377 -0.12903225 -96.51741 3.9801025
-0.089999914 -0.6661148 0 -15.422886 7.4626465
0 6.7278843 0 2919.403 19.403015
-0.08000004 -0.53826237 0 447.17163 -16.582092
0 -2.67099 0.12515645 -3304.3855 17.07959
0 -2.0547438 -0.12515645 -58.208954 -16.915405
0.00999999 -0.32692814 0 1.9900494 2.9850464
0 -0.32691097 0.12755102 10.447762 7.960205
0.32000005 -0.36594677 -0.0016064346 -1.4925385 -0.49749756
0 1.7027264 -0.12594458 -17.350746 -8.611938
0 -1.2679024 0.125 4 21
-0.01999998 0.21160889 -0.125 -4.559702 -12.885559
0 1.0800581 0 11.32703 11.994446
0.06999993 -0.32949352 0 -2.3718052 -29.904907
0 0.91156197 0.12642226 -2.895523 11.7960205
0 -1.9752493 -0.12642226 -6.059701 22.532349
-0.19000006 1.1628494 0 -0.49751282 -2.9851074
0 -0.60922146 0.12437811 3.9800997 -20.895508
0.08000016 -0.78998566 -0.12437811 9.077114 2.3482666
0 3.0287924 0 -9.077114 8.099487
0 -2.1226692 0 1.4925365 -0.9949951
0.059999943 0.04457569 0.12484395 1.4925385 8.9552
0 -0.8882694 -0.12484395 9.950249 -2.9850464
-0.099999905 0.7634258 0.2496879 -3.9801006 -6.96521
0 0.7490635 -0.2496879 -18.407959 -7.960205
0 -1.6663952 0.124223605 13.529851 -2.149231
-0.09000015 2.5123177 -0.124223605 -0.09701538 33.99005
0 1.4785976 0 6.9651756 7.4627075
-0.15999997 -3.606965 0 -16.915424 -18.905518
0 1.4532356 0 119.900505 -4.4776
0 -0.8716078 0 -96.01991 -14.427856
0.16999996 -0.10148144 0 -18.407959 7.4627075
0 -0.69582844 0.12484395 16.074627 6.395508
-0.00999999 1.1869707 0.0023825094 400.3433 -13.858215
0 2.6375513 -0.12722646 272.1393 39.303467
0 -2.5253305 0 -690.5473 -48.258667
-0.07999992 -0.5859976 0.12437811 9.950249 16.915405
0 1.0096207 -0.12437811 681.11444 -0.101989746
-0.08000004 -2.2743921 0 -61.21393 -22.286072
0 1.649826 0 -624.3781 -2.4875488
0 -2.1437578 0 5.472637 6.965149
-0.06999993 2.6423616 0 1037.3134 34.825867
0 -1.0740395 0.12515645 -757.21387 -18.407959
0.00999999 -1.0221891 -0.12515645 -297.51245 -11.442749
0 2.4968796 0 469.53235 -13.666687
0 -1.9418259 0 175.24377 9.189026
0.099999905 0.35613346 0 -634.90717 3.1575317
0 -1.5931115 0 9.534014 3.3101807
0 0.764585 0 -17.870647 2.8432617
0 4.919756 0.2522068 1260.1592 -7.8184204
0 -2.5801582 -0.12530325 -1250.7462 26.368164
0.09000003 -1.6044121 -0.12690355 0.99502563 -16.417908
0 5.7732496 0.2534854 718.40796 -2.9850464
-0.15999997 -3.1685677 0.12674272 -567.3159 11.85321
0 -2.6267672 -0.38022813 -142.13681 -11.355713
0 1.2017422 0 2.985075 -14.427856
0.09000003 1.6680279 0.12531328 326.36816 46.268616
0 -1.3468456 -0.0010896772 -291.0448 -30.845764
-0.08000004 0.8646822 -0.124223605 -30.671638 12.360718
0 -1.021596 0.25062656 1194.3533 -47.186584
0 -4.0869217 -0.124363944 -691.54236 -51.741272
0.09000003 1.3888888 -0.12626262 -47.76117 23.383057
0 3.2257018 0.1285347 -134.32834 23.383118
-0.07000005 -0.8888006 -0.1285347 -333.2214 4.161682
0 0.9039984 0.25157234 144.66418 5.788574
0 5.471221 -0.12530972 2865.6719 22.88556
0 -4.504552 -0.12626262 -3021.393 5.970154
0 -0.10329628 0 30.348259 -16.915405
0.40999997 -0.3989687 0.1267427 298.20895 8.271118
0 1.7054882 -0.1267427 948 -6.5
0 -0.18457508 0.1267427 -1276.5573 -24.656738
-0.18000007 -1.5256777 -0.0014294237 267.16418 31.84082
0 0.043504715 0.00047288835 763.1842 5.4726562
0.07000017 2.6951895 -0.12578617 383.58203 8.9552
0 -2.4575033 0.1283697 -789.37317 -2.6119385
0 2.833787 -0.1283697 1076.4379 -2.3631592
0.059999943 -4.946067 0 -1677.6119 2.4875488
0 0.686882 0 8.955223 7.4626465
0.059999943 2.210805 0.12722646 1245.2736 8.457764
0 -0.048835754 0.12122075 -316.9154 4.4776
0.059999943 1.9172564 -0.24844721 245.36072 12.4776
0 -1.4895439 0 -459.29102 -17.950256
0 -2.8987303 0 334.8258 -15.422852
-0.029999971 -0.92690086 0 -1081.0945 -25.373169
0 0.26162338 0.12547052 6.559701 34.746277
0.13000011 -0.3193798 0.12022972 -4.0721397 -7.880615
0 -0.2710333 -0.24570024 0.49751282 -19.900452
0 2.5493174 0.12224939 402.48755 23.383057
-0.19000006 -0.9652767 0.00014963001 -406.96518 2.4875488
0 -1.4263601 -0.12239902 118.05224 -4.5895386
-0.19000006 1.645154 0.12210012 -115.628716 12.598999
0 -1.8246927 -0.12210012 -0.37128735 -0.598999
0 2.145379 0 810.38556 1.0472412
-0.16999996 -0.8937683 0 -800 -8.9552
0 -0.5081167 0.24783148 10.945272 -26.368164
-0.14999998 -3.221809 -0.24783148 -24.378109 -201.49252
0 -3.4411044 0 4.4776115 -117.91046
0 2.6904092 0.12106538 6.467662 119.402985
0.100000024 -1.8190074 -0.12106538 -4.8980103 -49.223877
0 -2.1290524 0 -5.0522385 -81.12439
-0.14999998 -0.4959476 0 6.9651737 -75.62187
0 3.980853 0.124533 -5.472637 130.84575
0 -2.5932903 -0.124533 39.0597 -33.099487
-0.13999999 -0.24270153 0.1261034 -37.56716 -51.4776
0 4.141976 -0.1261034 0.06716347 216.9776
-0.13 -1.0435476 0 -4.544776 -79.16666
0 -3.3657863 0.12515645 16.417912 -134.32837
0 3.227883 -0.12515645 6.467661 153.23383
-0.110000014 -2.1962523 0 -5.3407955 -100.2388
0 3.690648 0.124533 -1.6243782 124.61691
-0.03000009 -4.3408422 -0.124533 -7.375622 -145.11691
0 3.8660603 0 -9.042289 83.425385
0 -2.8494961 0.12594458 19.900497 -55.721405
-0.01999998 0.17974305 -0.12594458 -17.910448 -48.756226
0 -0.8302469 0 15.422886 -2.4875488
-0.110000014 0.35945272 0 7.1293526 19.039795
0 3.674467 0 -19.567165 91.90549
0 -1.8409538 0 17.910446 7.462677
-0.00999999 2.7590542 0.12626262 -20.895521 40.298492
0 -4.1487207 -0.12626262 114.92537 -100.4975
-0.01999998 9.14707 0.12330456 -113.87313 279.33084
0 -5.027414 -0.12330456 -4.0373135 -110.67413
0 -1.2899771 0 57.213936 -48.258698
0.07000005 0.6144767 0.12722646 -39.303486 19.402985
0 -1.5954456 0.12402983 14.42786 14.427856
-0.100000024 1.4247913 -0.2512563 -27.800995 18.10199
0 -3.5356622 0 3.9203978 -130.0423
0 1.1113768 0.12578617 11.940299 -19.402985
0.07000005 1.3474841 -0.12578617 -18.407959 50.24878
0 -1.9953067 0.2503129 4.547263 -89.8035
-0.09000003 -2.3762472 -0.2503129 -3 -98
0 3.5966783 0.12437811 8.900497 175.86319
0 -1.2157259 -0.12437811 14.42786 -46.766174
-0.09000003 1.1462617 0 -15.422884 44.278595
0 -1.9719868 0.12755102 0.09452629 -37.37561
-0.07999998 -1.9286482 -0.12755102 -10.044776 -142.22636
0 1.0100882 0 1.4925375 17.412918
0 -0.5094671 0 36.31841 20.895538
-0.07999998 0.3646779 0.12468828 -35.323383 -27.860703
0 -0.6124625 -0.12468828 1.5572138 -1.7213898
-0.060000002 0.7521887 0 4.4129353 7.6915283
0 0.7572453 0 -3.9800987 55.223907
0 2.113806 0.2503129 24.87562 86.56714
-0.06999999 -0.3527999 -0.2503129 -23.880596 -5.9701233
0 -1.8767865 0 -1.4278603 -68.01245
0.029999971 1.0844748 0 6.4029846 41.644287
0 -1.0165834 0 -4.4776115 -70.64679
0 0.9706304 0 16.41791 32.835846
-0.06999999 -0.9296856 0.12547052 -23.343283 -35.833344
0 -0.8711827 0.00047406554 151.20398 -7.4502563
0.029999971 -1.0086656 -0.12594458 -142.28856 -52.2388
0 0.6251431 0.12547052 -1.4925365 8.457718
0 0.51967025 -0.12547052 33.830845 70.14925
-0.060000002 2.24604 0 -40.75373 50.582092
0 -1.8814194 0.12578617 5.4303484 -72.472626
-0.049999952 -0.52194214 -0.12578617 7.4626856 -17.910461
0 -0.36799502 0 -11.442785 -20.895523
0 1.8792241 0.12515645 47.04975 112.77861
-0.050000012 -1.256877 0.12453145 -19.189056 -14.271149
0 -0.24500048 -0.2496879 -25.373133 -39.303467
-0.04000002 -0.3810873 0 -4.477612 -40.298523
0 -0.10561454 0 2.9850745 -21.393036
0 0.5080894 0.12658228 19.900497 34.825867
-0.03999999 -0.17033911 -0.12658228 -12.845772 -21.559692
0 2.4743242 0 -3.5721388 96.68408
0.119999975 1.2767329 0 5.970149 23.880585
0 -1.5092287 0 -3.4825878 50.24878
0 2.2797766 0.125 15.422884 31.343262
-0.049999952 4.388298 -0.125 -11.940296 150.7463
0 -0.111982346 0 -8.39801 -29.403015
0.120000005 -2.5410576 0.12285012 19.343283 -20.348267
0 -1.8047886 0.00075927377 -26.343283 -127.65173
0 -1.8326435 -0.123609394 20.870647 -58.417908
0.029999971 -1.2189147 0 -17.910448 -53.233826
0 -1.7417738 0 2.9850755 -41.791046
-0.060000002 -0.13243222 0 3.9800987 -29.353241
0 -0.0015723705 0 -0.9253731 -7.2039795
0 0.7645216 0.2522068 22.815922 56.95523
-0.050000012 -1.011365 -0.2522068 -27.860699 -68.65672
0 1.6121646 0 102.487564 57.213943
-0.050000012 -1.10902 0 -98.94279 -46.51245
0 0.12991023 0 11.878109 20.641785
0 0.36315894 0 22.885574 28.855713
-0.03999996 -0.61536574 0 -36.31841 -47.26367
0 0.11098993 0.12484395 6.467662 0.99502563
-0.04000002 0.0113066435 -0.12484395 0.58706474 0.27114868
0 -0.63333887 0 -7.0547266 -18.679108
0 3.3422673 0.12406948 20.39801 156.2189
-0.03999999 -1.9767683 -0.12406948 -13.432837 -108.4577
0 -0.60431445 0 -2.410448 -23.582092
0.050000012 -0.75566757 0.12594458 2.410448 -16.218903
0 0.123413086 -0.12594458 -6.410448 -7.7810974
0 0.12990546 0 22.330845 42.109467
-0.04000002 0.2417903 0 -18.407959 -59.701508
0 0.0034548044 0 -6.922886 4.092041
-0.030000001 -0.7512449 0.12578617 5.9278603 1.3806
0 0.4876945 -0.12578617 -2.4875622 -1.9900513
0 0.012609363 0 19.059702 9.609451
-0.029999971 0.13819242 0 -20.552238 7.803482
0 -0.3891335 0 3.9800987 -7.960205
-0.030000001 0.122958004 0.2503129 5.472637 -13.930344
0 -0.0024999976 -0.2503129 -2.4875622 19.402985
0 0.3745318 0 9.087065 -5.315918
-0.030000001 0.26193678 0.12578617 -6.5995026 6.8084564
0 -0.38833737 -0.12578617 -6.467662 4.4776154
0.13999999 0.25124454 0 -1.9900494 5.970154
0 -0.11447954 0 0.9950247 -9.452744
0 -0.12578619 0.12578617 17.910448 6.9651794
-0.03999999 0.25157237 -0.12578617 -18.40796 13.432846
0 0.0038068295 0 107.5597 2.2984924
-0.030000001 0.11992502 0.12562814 -103.579605 -14.736313
0 -0.24951804 -0.12562814 -1.4925385 0.49751282
0 0.120111585 0 30.845772 2.9850616
-0.030000001 0.25062656 0 -33.333336 22.885574
0 11.422085 0 5.059702 283.36816
0.13 -7.228515 16.480793 3.3980103 -206.25372
0 -4.6805286 14.824657 -0.39801025 -71.74628
0 0.36985254 -8.131647 14.328358 -23.776123
0.13000003 7.246274 -14.530346 -19.402985 219.40298
0 -6.619403 19.532642 3.4825878 -188.55722
0.109999955 3.748119 -13.697572 -5.907961 115.93036
0 -1.8095508 11.603055 0.9328356 -56.72638
0 1.0146723 -8.938726 11.442786 -19.402985
0.100000024 1.1655874 -15.960823 -7.9601994 170.64679
0 -2.2886863 -0.5616857 2.4875622 -199.00497
-0.060000002 -2.7123833 -0.6203474 -12.902985 -62.51245
0 0.12562823 0.12562814 13 6.5
0 -0.0056604147 0.24984118 11.345772 9.246262
-0.060000002 2.2248309 -0.37546933 -15.422886 113.432846
0 -2.2248309 0 -1.9900494 -114.42786
-0.060000002 1.3659532 0 -6.4676623 26.865662
0 1.3090737 0.24570024 11.940298 138.30847
0 -2.0465784 -0.24570024 11.9403 -109.45276
0.030000031 0.2626214 0 -8.457712 23.383087
0 1.1513567 0 -7.9601984 50.24878
-0.050000012 -0.044303894 0.125 2.5721388 -10.604492
0 -0.37890148 -0.125 -6.5522385 -60.539795
0 4.3138456 0 17.910448 174.12933
-0.050000012 -3.9305637 0 59.141792 -132.58954
0 -1.9873135 0.12642226 1.5547256 -79.35074
-0.04000002 0.72173905 -0.12642226 -82.054726 5.3507385
0 -0.7312683 0 4.442786 -29.231339
0 0.25125623 0 30.845772 32.83583
-0.049999982 0.7537688 0 -32.835823 -25.373154
0 -0.27096868 0 2.047264 25.768661
-0.030000001 -0.37359905 0 0.9378109 -11.34079
0 -0.7258631 0.2538071 10.562189 -11.15921
-0.03999999 -0.012897253 -0.2538071 3.8656712 -19.68657
0 0.0042666197 0 -11.940298 3.9801025
0 0.75566745 0 -2.425373 6.2064667
-0.030000001 2.4803696 0 0 140.5
0 -1.2049813 0 1.4303484 -16.358215
-0.030000001 1.7374039 0.12254902 23.383087 79.60199
0 -2.5387769 -0.12254902 -2.985077 -145.27362
0 0.25527 0.12468828 -23.828358 -1.9701538
-0.030000001 -0.49079442 -0.12468828 3.9278612 -39.820892
0 -0.86979795 0 -1.4925375 -3.9801025
-0.02000001 -0.7521726 0 17.412935 -3.9801025
0 0.62781227 0 -13.432837 -18.407959
0 0.3816502 0 -3.9154224 36.689056
0.050000012 0.489861 0 -0.5621891 -33.206467
0 -0.13468838 0.12468828 1.9900494 25.870651
-0.02000001 -0.86656 0.00078223646 9.950249 -24.378113
0 0.37295675 -0.12547052 -13.432836 -17.910446
0 0.13271308 0 6.0547266 39.624374
-0.030000001 -0.5106824 0 -3.0696516 -24.201492
0 0.38142413 0 3.4825869 22.885574
-0.01999998 -0.123894334 0.12562814 10.447762 5.970154
0 0.25125635 -0.12562814 110.139305 -6.154236
0 -0.0056604147 0 -125.56219 5.656708
-0.02000001 0.50062585 0 3.062189 -21.656708
0 -0.38155556 0.12468828 -4.057214 -10.184082
-0.019999996 -0.3583213 -0.12468828 42.786068 33.333344
0 -0.25760114 0 -40.228855 -18.649261
0 0.37688434 0 -1.0646763 -7.22139
-0.02000001 -0.37053144 0 13.564676 13.22139
0 0.86362195 0.125 -8.5 -19
-0.019999996 -0.4948243 -0.125 14.338306 9.2612
0 0.24482429 0 -17.838306 -15.2612
0 0.5187578 0.1261034 -6.539801 32.674133
-0.019999996 -1.0102565 -0.1261034 2.4875627 -38.308456
0 0.24321961 0.12515645 -1.9900503 22.388062
-0.010000005 0.010416508 -0.12515645 15.542289 11.746262
0 -0.008691311 0 -7.0845776 -6.273636
0 0.38034785 0.2512563 -8.955223 6.4676666
-0.00999999 -0.26253462 -0.2512563 7.462687 4.975128
0 -0.23997796 0 0.077114105 -25.169159
-0.010000005 0.12910903 0.12594458 14.848259 20.691528
0 -0.2504598 -0.12594458 -13.432837 -33.830826
0 1.1207085 0 1.9900494 33.830826
-0.020000003 -1.1235636 0 -6.467661 -9.452728
0 0.6245117 0 0.5621891 -18.7388
0.07 -0.38158715 3.25 15.8557205 14.758713
